8525 8990
8525.01 8953
8525.02 8940
8525.03 8959
8525.04 9011
8525.052 9102
8525.062 9177
8525.072 9249
8525.082 9320
8525.092 9385
8525.102 9445
8525.114 9503
8525.124 9540
8525.134 9569
8525.144 9594
8525.154 9615
8525.164 9629
8525.174 9639
8525.186 9649
8525.196 9651
8525.206 9652
8525.216 9654
8525.226 9653
8525.236 9651
8525.248 9649
8525.258 9645
8525.268 9640
8525.278 9636
8525.288 9631
8525.298 9627
8525.308 9623
8525.32 9621
8525.33 9618
8525.34 9617
8525.35 9616
8525.36 9616
8525.37 9619
8525.382 9621
8525.392 9624
8525.402 9627
8525.412 9630
8525.422 9629
8525.432 9628
8525.444 9624
8525.454 9617
8525.464 9609
8525.474 9595
8525.484 9580
8525.494 9560
8525.504 9539
8525.516 9516
8525.526 9498
8525.536 9480
8525.546 9468
8525.556 9461
8525.566 9458
8525.578 9460
8525.588 9466
8525.598 9475
8525.608 9483
8525.618 9493
8525.628 9494
8525.638 9493
8525.65 9484
8525.66 9471
8525.67 9453
8525.68 9430
8525.69 9405
8525.7 9378
8525.712 9355
8525.722 9344
8525.732 9344
8525.742 9350
8525.752 9364
8525.762 9385
8525.772 9407
8525.784 9437
8525.794 9460
8525.804 9485
8525.814 9506
8525.824 9527
8525.834 9542
8525.846 9558
8525.856 9566
8525.866 9568
8525.876 9568
8525.886 9561
8525.896 9552
8525.906 9541
8525.918 9522
8525.928 9506
8525.938 9490
8525.948 9475
8525.958 9463
8525.968 9459
8525.98 9461
8525.99 9468
8526 9480
8526.01 9496
8526.02 9514
8526.03 9529
8526.04 9548
8526.052 9568
8526.062 9587
8526.072 9601
8526.082 9614
8526.092 9624
8526.102 9631
8526.114 9639
8526.124 9644
8526.134 9648
8526.144 9650
8526.154 9653
8526.164 9655
8526.174 9655
8526.186 9658
8526.196 9658
8526.206 9657
8526.216 9655
8526.226 9653
8526.236 9647
8526.248 9642
8526.258 9634
8526.268 9625
8526.278 9617
8526.288 9606
8526.298 9597
8526.308 9590
8526.32 9584
8526.33 9583
8526.34 9584
8526.35 9585
8526.36 9589
8526.37 9590
8526.382 9588
8526.392 9585
8526.402 9578
8526.412 9571
8526.422 9562
8526.432 9552
8526.444 9538
8526.454 9526
8526.464 9514
8526.474 9496
8526.484 9471
8526.494 9445
8526.504 9410
8526.516 9359
8526.526 9299
8526.536 9221
8526.546 9111
8526.556 8978
8526.566 8800
8526.578 8523
8526.588 8258
8526.598 7955
8526.608 7622
8526.618 7264
8526.628 6896
8526.638 6564
8526.65 6203
8526.66 5984
8526.67 5870
8526.68 5858
8526.69 5968
8526.7 6192
8526.712 6595
8526.722 6976
8526.732 7370
8526.742 7739
8526.752 8067
8526.762 8338
8526.772 8553
8526.784 8766
8526.794 8913
8526.804 9027
8526.814 9114
8526.824 9183
8526.834 9239
8526.846 9290
8526.856 9324
8526.866 9343
8526.876 9357
8526.886 9365
8526.896 9364
8526.906 9352
8526.918 9324
8526.928 9299
8526.938 9273
8526.948 9245
8526.958 9223
8526.968 9210
8526.98 9207
8526.99 9213
8527 9232
8527.01 9259
8527.02 9293
8527.03 9327
8527.04 9362
8527.052 9405
8527.062 9437
8527.072 9470
8527.082 9497
8527.092 9519
8527.102 9537
8527.114 9556
8527.124 9569
8527.134 9579
8527.144 9587
8527.154 9593
8527.164 9596
8527.174 9599
8527.186 9598
8527.196 9599
8527.206 9599
8527.216 9599
8527.226 9600
8527.236 9601
8527.248 9602
8527.258 9605
8527.268 9609
8527.278 9612
8527.288 9614
8527.298 9620
8527.308 9623
8527.32 9626
8527.33 9630
8527.34 9633
8527.35 9637
8527.36 9637
8527.37 9638
8527.382 9639
8527.392 9641
8527.402 9643
8527.412 9646
8527.422 9647
8527.432 9648
8527.444 9648
8527.454 9647
8527.464 9648
8527.474 9647
8527.484 9649
8527.494 9650
8527.504 9648
8527.516 9648
8527.526 9647
8527.536 9648
8527.546 9647
8527.556 9650
8527.566 9651
8527.578 9649
8527.588 9652
8527.598 9651
8527.608 9652
8527.618 9652
8527.628 9650
8527.638 9646
8527.65 9643
8527.66 9635
8527.67 9627
8527.68 9621
8527.69 9610
8527.7 9598
8527.712 9579
8527.722 9559
8527.732 9536
8527.742 9512
8527.752 9477
8527.762 9438
8527.772 9387
8527.784 9311
8527.794 9226
8527.804 9132
8527.814 9040
8527.824 8958
8527.834 8875
8527.846 8813
8527.856 8806
8527.866 8840
8527.876 8891
8527.886 8957
8527.896 9049
8527.906 9156
8527.918 9262
8527.928 9331
8527.938 9397
8527.948 9454
8527.958 9500
8527.968 9537
8527.98 9572
8527.99 9595
8528 9614
8528.01 9629
8528.02 9643
8528.03 9652
8528.04 9660
8528.052 9665
8528.062 9667
8528.072 9671
8528.082 9672
8528.092 9672
8528.102 9673
8528.114 9673
8528.124 9671
8528.134 9669
8528.144 9668
8528.154 9669
8528.164 9671
8528.174 9671
8528.186 9673
8528.196 9675
8528.206 9675
8528.216 9677
8528.226 9674
8528.236 9675
8528.248 9673
8528.258 9670
8528.268 9669
8528.278 9665
8528.288 9662
8528.298 9659
8528.308 9654
8528.32 9647
8528.33 9641
8528.34 9637
8528.35 9634
8528.36 9632
8528.37 9632
8528.382 9635
8528.392 9637
8528.402 9640
8528.412 9643
8528.422 9643
8528.432 9642
8528.444 9639
8528.454 9632
8528.464 9626
8528.474 9620
8528.484 9612
8528.494 9605
8528.504 9599
8528.516 9596
8528.526 9593
8528.536 9596
8528.546 9599
8528.556 9606
8528.566 9616
8528.578 9628
8528.588 9642
8528.598 9654
8528.608 9663
8528.618 9672
8528.628 9676
8528.638 9678
8528.65 9680
8528.66 9681
8528.67 9682
8528.68 9683
8528.69 9682
8528.7 9679
8528.712 9675
8528.722 9672
8528.732 9670
8528.742 9665
8528.752 9663
8528.762 9661
8528.772 9660
8528.784 9658
8528.794 9660
8528.804 9661
8528.814 9661
8528.824 9664
8528.834 9667
8528.846 9669
8528.856 9672
8528.866 9675
8528.876 9678
8528.886 9679
8528.896 9682
8528.906 9683
8528.918 9685
8528.928 9687
8528.938 9688
8528.948 9690
8528.958 9692
8528.968 9694
8528.98 9697
8528.99 9699
8529 9701
8529.01 9703
8529.02 9704
8529.03 9705
8529.04 9703
8529.052 9701
8529.062 9698
8529.072 9695
8529.082 9697
8529.092 9697
8529.102 9698
8529.114 9698
8529.124 9696
8529.134 9697
8529.144 9695
8529.154 9698
8529.164 9699
8529.174 9703
8529.186 9706
8529.196 9708
8529.206 9708
8529.216 9708
8529.226 9707
8529.236 9708
8529.248 9707
8529.258 9708
8529.268 9708
8529.278 9707
8529.288 9710
8529.298 9708
8529.308 9705
8529.32 9702
8529.33 9699
8529.34 9699
8529.35 9700
8529.36 9701
8529.37 9704
8529.382 9707
8529.392 9710
8529.402 9710
8529.412 9710
8529.422 9712
8529.432 9710
8529.444 9710
8529.454 9711
8529.464 9712
8529.474 9709
8529.484 9708
8529.494 9708
8529.504 9706
8529.516 9704
8529.526 9700
8529.536 9694
8529.546 9689
8529.556 9681
8529.566 9672
8529.578 9654
8529.588 9634
8529.598 9610
8529.608 9584
8529.618 9554
8529.628 9522
8529.638 9490
8529.65 9455
8529.66 9436
8529.67 9423
8529.68 9422
8529.69 9428
8529.7 9445
8529.712 9475
8529.722 9506
8529.732 9537
8529.742 9566
8529.752 9592
8529.762 9616
8529.772 9632
8529.784 9647
8529.794 9654
8529.804 9657
8529.814 9658
8529.824 9654
8529.834 9648
8529.846 9641
8529.856 9632
8529.866 9625
8529.876 9618
8529.886 9614
8529.896 9614
8529.906 9616
8529.918 9623
8529.928 9629
8529.938 9637
8529.948 9646
8529.958 9652
8529.968 9657
8529.98 9663
8529.99 9665
8530 9664
8530.01 9664
8530.02 9659
8530.03 9653
8530.04 9647
8530.052 9639
8530.062 9630
8530.072 9623
8530.082 9613
8530.092 9605
8530.102 9595
8530.114 9582
8530.124 9572
8530.134 9561
8530.144 9551
8530.154 9545
8530.164 9541
8530.174 9542
8530.186 9550
8530.196 9561
8530.206 9575
8530.216 9593
8530.226 9612
8530.236 9628
8530.248 9647
8530.258 9661
8530.268 9672
8530.278 9682
8530.288 9692
8530.298 9699
8530.308 9706
8530.32 9710
8530.33 9714
8530.34 9715
8530.35 9718
8530.36 9721
8530.37 9724
8530.382 9726
8530.392 9726
8530.402 9726
8530.412 9725
8530.422 9726
8530.432 9726
8530.444 9728
8530.454 9727
8530.464 9728
8530.474 9727
8530.484 9725
8530.494 9723
8530.504 9720
8530.516 9720
8530.526 9720
8530.536 9720
8530.546 9721
8530.556 9723
8530.566 9724
8530.578 9726
8530.588 9728
8530.598 9729
8530.608 9729
8530.618 9730
8530.628 9727
8530.638 9727
8530.65 9726
8530.66 9723
8530.67 9723
8530.68 9721
8530.69 9721
8530.7 9720
8530.712 9717
8530.722 9719
8530.732 9718
8530.742 9716
8530.752 9716
8530.762 9715
8530.772 9715
8530.784 9715
8530.794 9717
8530.804 9718
8530.814 9721
8530.824 9722
8530.834 9722
8530.846 9723
8530.856 9723
8530.866 9724
8530.876 9723
8530.886 9722
8530.896 9721
8530.906 9721
8530.918 9719
8530.928 9719
8530.938 9720
8530.948 9719
8530.958 9717
8530.968 9718
8530.98 9716
8530.99 9716
8531 9713
8531.01 9712
8531.02 9710
8531.03 9706
8531.04 9704
8531.052 9700
8531.062 9696
8531.072 9694
8531.082 9690
8531.092 9687
8531.102 9685
8531.114 9684
8531.124 9687
8531.134 9691
8531.144 9696
8531.154 9700
8531.164 9705
8531.174 9709
8531.186 9714
8531.196 9718
8531.206 9722
8531.216 9726
8531.226 9727
8531.236 9728
8531.248 9730
8531.258 9729
8531.268 9728
8531.278 9726
8531.288 9723
8531.298 9720
8531.308 9717
8531.32 9712
8531.33 9711
8531.34 9708
8531.35 9707
8531.36 9703
8531.37 9701
8531.382 9699
8531.392 9697
8531.402 9698
8531.412 9698
8531.422 9697
8531.432 9697
8531.444 9696
8531.454 9694
8531.464 9692
8531.474 9689
8531.484 9685
8531.494 9684
8531.504 9683
8531.516 9685
8531.526 9689
8531.536 9693
8531.546 9697
8531.556 9700
8531.566 9701
8531.578 9702
8531.588 9699
8531.598 9696
8531.608 9687
8531.618 9676
8531.628 9657
8531.638 9637
8531.65 9608
8531.66 9581
8531.67 9552
8531.68 9528
8531.69 9508
8531.7 9494
8531.712 9485
8531.722 9488
8531.732 9498
8531.742 9513
8531.752 9533
8531.762 9558
8531.772 9580
8531.784 9606
8531.794 9622
8531.804 9633
8531.814 9643
8531.824 9650
8531.834 9653
8531.846 9655
8531.856 9653
8531.866 9653
8531.876 9652
8531.886 9651
8531.896 9651
8531.906 9648
8531.918 9645
8531.928 9643
8531.938 9639
8531.948 9636
8531.958 9633
8531.968 9632
8531.98 9630
8531.99 9632
8532 9634
8532.01 9640
8532.02 9645
8532.03 9650
8532.04 9656
8532.052 9662
8532.062 9670
8532.072 9678
8532.082 9687
8532.092 9695
8532.102 9702
8532.114 9711
8532.124 9716
8532.134 9719
8532.144 9721
8532.154 9720
8532.164 9721
8532.174 9718
8532.186 9716
8532.196 9714
8532.206 9714
8532.216 9714
8532.226 9711
8532.236 9711
8532.248 9711
8532.258 9711
8532.268 9712
8532.278 9713
8532.288 9715
8532.298 9717
8532.308 9717
8532.32 9719
8532.33 9718
8532.34 9718
8532.35 9717
8532.36 9718
8532.37 9718
8532.382 9718
8532.392 9719
8532.402 9717
8532.412 9716
8532.422 9715
8532.432 9714
8532.444 9714
8532.454 9712
8532.464 9711
8532.474 9711
8532.484 9711
8532.494 9710
8532.504 9709
8532.516 9705
8532.526 9700
8532.536 9695
8532.546 9690
8532.556 9686
8532.566 9685
8532.578 9682
8532.588 9682
8532.598 9685
8532.608 9686
8532.618 9689
8532.628 9692
8532.638 9697
8532.65 9701
8532.66 9705
8532.67 9707
8532.68 9710
8532.69 9711
8532.7 9713
8532.712 9713
8532.722 9712
8532.732 9713
8532.742 9714
8532.752 9715
8532.762 9715
8532.772 9716
8532.784 9714
8532.794 9713
8532.804 9710
8532.814 9710
8532.824 9708
8532.834 9705
8532.846 9704
8532.856 9701
8532.866 9698
8532.876 9695
8532.886 9693
8532.896 9690
8532.906 9686
8532.918 9683
8532.928 9681
8532.938 9680
8532.948 9681
8532.958 9683
8532.968 9685
8532.98 9689
8532.99 9692
8533 9694
8533.01 9697
8533.02 9698
8533.03 9698
8533.04 9698
8533.052 9697
8533.062 9696
8533.072 9696
8533.082 9697
8533.092 9697
8533.102 9697
8533.114 9694
8533.124 9692
8533.134 9690
8533.144 9689
8533.154 9687
8533.164 9686
8533.174 9690
8533.186 9690
8533.196 9691
8533.206 9690
8533.216 9686
8533.226 9681
8533.236 9677
8533.248 9670
8533.258 9665
8533.268 9661
8533.278 9655
8533.288 9647
8533.298 9639
8533.308 9629
8533.32 9618
8533.33 9610
8533.34 9604
8533.35 9600
8533.36 9600
8533.37 9601
8533.382 9608
8533.392 9613
8533.402 9622
8533.412 9629
8533.422 9638
8533.432 9646
8533.444 9655
8533.454 9660
8533.464 9665
8533.474 9668
8533.484 9669
8533.494 9669
8533.504 9668
8533.516 9667
8533.526 9667
8533.536 9667
8533.546 9667
8533.556 9667
8533.566 9667
8533.578 9667
8533.588 9667
8533.598 9668
8533.608 9670
8533.618 9671
8533.628 9671
8533.638 9670
8533.65 9669
8533.66 9669
8533.67 9666
8533.68 9666
8533.69 9666
8533.7 9667
8533.712 9667
8533.722 9666
8533.732 9665
8533.742 9665
8533.752 9664
8533.762 9664
8533.772 9664
8533.784 9663
8533.794 9662
8533.804 9661
8533.814 9658
8533.824 9656
8533.834 9653
8533.846 9650
8533.856 9649
8533.866 9649
8533.876 9649
8533.886 9647
8533.896 9646
8533.906 9647
8533.918 9644
8533.928 9641
8533.938 9638
8533.948 9633
8533.958 9627
8533.968 9623
8533.98 9617
8533.99 9611
8534 9607
8534.01 9601
8534.02 9597
8534.03 9594
8534.04 9591
8534.052 9588
8534.062 9588
8534.072 9589
8534.082 9590
8534.092 9592
8534.102 9597
8534.114 9600
8534.124 9606
8534.134 9608
8534.144 9609
8534.154 9611
8534.164 9609
8534.174 9607
8534.186 9606
8534.196 9605
8534.206 9603
8534.216 9606
8534.226 9606
8534.236 9606
8534.248 9605
8534.258 9603
8534.268 9601
8534.278 9598
8534.288 9594
8534.298 9591
8534.308 9585
8534.32 9579
8534.33 9577
8534.34 9574
8534.35 9573
8534.36 9571
8534.37 9569
8534.382 9571
8534.392 9571
8534.402 9572
8534.412 9573
8534.422 9575
8534.432 9575
8534.444 9576
8534.454 9575
8534.464 9573
8534.474 9574
8534.484 9576
8534.494 9577
8534.504 9579
8534.516 9578
8534.526 9579
8534.536 9576
8534.546 9574
8534.556 9571
8534.566 9567
8534.578 9564
8534.588 9561
8534.598 9558
8534.608 9555
8534.618 9550
8534.628 9547
8534.638 9543
8534.65 9539
8534.66 9534
8534.67 9530
8534.68 9524
8534.69 9520
8534.7 9511
8534.712 9500
8534.722 9490
8534.732 9480
8534.742 9472
8534.752 9465
8534.762 9461
8534.772 9459
8534.784 9463
8534.794 9468
8534.804 9476
8534.814 9483
8534.824 9491
8534.834 9499
8534.846 9509
8534.856 9515
8534.866 9521
8534.876 9527
8534.886 9532
8534.896 9534
8534.906 9536
8534.918 9537
8534.928 9537
8534.938 9538
8534.948 9538
8534.958 9538
8534.968 9538
8534.98 9537
8534.99 9535
8535 9534
8535.01 9534
8535.02 9533
8535.03 9532
8535.04 9531
8535.052 9532
8535.062 9530
8535.072 9529
8535.082 9526
8535.092 9524
8535.102 9520
8535.114 9518
8535.124 9515
8535.134 9513
8535.144 9513
8535.154 9511
8535.164 9510
8535.174 9509
8535.186 9506
8535.196 9503
8535.206 9498
8535.216 9494
8535.226 9487
8535.236 9479
8535.248 9467
8535.258 9456
8535.268 9447
8535.278 9439
8535.288 9432
8535.298 9429
8535.308 9426
8535.32 9427
8535.33 9430
8535.34 9432
8535.35 9437
8535.36 9443
8535.37 9446
8535.382 9448
8535.392 9447
8535.402 9442
8535.412 9434
8535.422 9424
8535.432 9411
8535.444 9393
8535.454 9375
8535.464 9360
8535.474 9346
8535.484 9335
8535.494 9328
8535.504 9326
8535.516 9330
8535.526 9338
8535.536 9348
8535.546 9356
8535.556 9368
8535.566 9379
8535.578 9391
8535.588 9400
8535.598 9408
8535.608 9413
8535.618 9417
8535.628 9419
8535.638 9423
8535.65 9425
8535.66 9425
8535.67 9422
8535.68 9420
8535.69 9417
8535.7 9415
8535.712 9411
8535.722 9408
8535.732 9405
8535.742 9402
8535.752 9396
8535.762 9390
8535.772 9385
8535.784 9378
8535.794 9372
8535.804 9368
8535.814 9363
8535.824 9358
8535.834 9352
8535.846 9341
8535.856 9330
8535.866 9318
8535.876 9305
8535.886 9290
8535.896 9274
8535.906 9257
8535.918 9232
8535.928 9211
8535.938 9189
8535.948 9165
8535.958 9140
8535.968 9111
8535.98 9077
8535.99 9044
8536 9005
8536.01 8962
8536.02 8904
8536.03 8834
8536.04 8748
8536.052 8606
8536.062 8471
8536.072 8324
8536.082 8156
8536.092 7974
8536.102 7772
8536.114 7525
8536.124 7328
8536.134 7155
8536.144 7013
8536.154 6902
8536.164 6835
8536.174 6830
8536.186 6890
8536.196 6984
8536.206 7122
8536.216 7315
8536.226 7518
8536.236 7708
8536.248 7938
8536.258 8118
8536.268 8288
8536.278 8431
8536.288 8551
8536.298 8658
8536.308 8749
8536.32 8841
8536.33 8901
8536.34 8947
8536.35 8990
8536.36 9024
8536.37 9054
8536.382 9084
8536.392 9102
8536.402 9118
8536.412 9129
8536.422 9135
8536.432 9141
8536.444 9146
8536.454 9151
8536.464 9160
8536.474 9170
8536.484 9182
8536.494 9195
8536.504 9205
8536.516 9215
8536.526 9220
8536.536 9222
8536.546 9222
8536.556 9222
8536.566 9220
8536.578 9215
8536.588 9212
8536.598 9205
8536.608 9197
8536.618 9188
8536.628 9178
8536.638 9170
8536.65 9158
8536.66 9151
8536.67 9146
8536.68 9143
8536.69 9144
8536.7 9149
8536.712 9154
8536.722 9162
8536.732 9170
8536.742 9180
8536.752 9190
8536.762 9199
8536.772 9205
8536.784 9210
8536.794 9215
8536.804 9218
8536.814 9221
8536.824 9223
8536.834 9224
8536.846 9226
8536.856 9225
8536.866 9225
8536.876 9223
8536.886 9222
8536.896 9221
8536.906 9220
8536.918 9217
8536.928 9217
8536.938 9213
8536.948 9210
8536.958 9207
8536.968 9205
8536.98 9201
8536.99 9197
8537 9193
8537.01 9189
8537.02 9183
8537.03 9178
8537.04 9172
8537.052 9167
8537.062 9161
8537.072 9157
8537.082 9153
8537.092 9149
8537.102 9145
8537.114 9140
8537.124 9140
8537.134 9137
8537.144 9136
8537.154 9133
8537.164 9133
8537.174 9130
8537.186 9127
8537.196 9125
8537.206 9125
8537.216 9124
8537.226 9121
8537.236 9119
8537.248 9114
8537.258 9109
8537.268 9106
8537.278 9102
8537.288 9099
8537.298 9095
8537.308 9092
8537.32 9087
8537.33 9082
8537.34 9077
8537.35 9072
8537.36 9067
8537.37 9061
8537.382 9055
8537.392 9052
8537.402 9046
8537.412 9042
8537.422 9040
8537.432 9035
8537.444 9029
8537.454 9024
8537.464 9020
8537.474 9017
8537.484 9013
8537.494 9008
8537.504 9004
8537.516 8999
8537.526 8994
8537.536 8992
8537.546 8986
8537.556 8980
8537.566 8974
8537.578 8964
8537.588 8952
8537.598 8941
8537.608 8932
8537.618 8919
8537.628 8905
8537.638 8894
8537.65 8877
8537.66 8865
8537.67 8855
8537.68 8845
8537.69 8839
8537.7 8837
8537.712 8836
8537.722 8837
8537.732 8839
8537.742 8841
8537.752 8839
8537.762 8834
8537.772 8828
8537.784 8816
8537.794 8803
8537.804 8791
8537.814 8776
8537.824 8760
8537.834 8745
8537.846 8725
8537.856 8711
8537.866 8697
8537.876 8681
8537.886 8659
8537.896 8635
8537.906 8600
8537.918 8542
8537.928 8466
8537.938 8369
8537.948 8263
8537.958 8127
8537.968 7953
8537.98 7760
8537.99 7606
8538 7484
8538.01 7426
8538.02 7423
8538.03 7472
8538.04 7589
8538.052 7764
8538.062 7909
8538.072 8053
8538.082 8177
8538.092 8275
8538.102 8341
8538.114 8400
8538.124 8436
8538.134 8457
8538.144 8462
8538.154 8459
8538.164 8453
8538.174 8446
8538.186 8440
8538.196 8440
8538.206 8445
8538.216 8456
8538.226 8474
8538.236 8494
8538.248 8524
8538.258 8548
8538.268 8571
8538.278 8593
8538.288 8612
8538.298 8627
8538.308 8642
8538.32 8654
8538.33 8661
8538.34 8666
8538.35 8669
8538.36 8669
8538.37 8668
8538.382 8661
8538.392 8656
8538.402 8648
8538.412 8643
8538.422 8637
8538.432 8629
8538.444 8624
8538.454 8619
8538.464 8613
8538.474 8609
8538.484 8603
8538.494 8601
8538.504 8597
8538.516 8594
8538.526 8593
8538.536 8590
8538.546 8585
8538.556 8581
8538.566 8576
8538.578 8569
8538.588 8561
8538.598 8556
8538.608 8551
8538.618 8546
8538.628 8540
8538.638 8533
8538.65 8526
8538.66 8519
8538.67 8507
8538.68 8494
8538.69 8479
8538.7 8460
8538.712 8436
8538.722 8416
8538.732 8398
8538.742 8382
8538.752 8369
8538.762 8357
8538.772 8349
8538.784 8342
8538.794 8343
8538.804 8343
8538.814 8347
8538.824 8349
8538.834 8351
8538.846 8354
8538.856 8355
8538.866 8355
8538.876 8355
8538.886 8351
8538.896 8348
8538.906 8343
8538.918 8336
8538.928 8329
8538.938 8321
8538.948 8311
8538.958 8300
8538.968 8290
8538.98 8279
8538.99 8272
8539 8260
8539.01 8252
8539.02 8240
8539.03 8230
8539.04 8220
8539.052 8207
8539.062 8196
8539.072 8187
8539.082 8176
8539.092 8164
8539.102 8153
8539.114 8144
8539.124 8135
8539.134 8130
8539.144 8125
8539.154 8120
8539.164 8118
8539.174 8116
8539.186 8110
8539.196 8106
8539.206 8101
8539.216 8093
8539.226 8081
8539.236 8070
8539.248 8051
8539.258 8030
8539.268 8010
8539.278 7985
8539.288 7961
8539.298 7936
8539.308 7914
8539.32 7888
8539.33 7874
8539.34 7864
8539.35 7859
8539.36 7860
8539.37 7861
8539.382 7867
8539.392 7873
8539.402 7877
8539.412 7882
8539.422 7883
8539.432 7886
8539.444 7884
8539.454 7880
8539.464 7875
8539.474 7868
8539.484 7860
8539.494 7852
8539.504 7844
8539.516 7834
8539.526 7825
8539.536 7814
8539.546 7805
8539.556 7794
8539.566 7781
8539.578 7767
8539.588 7754
8539.598 7742
8539.608 7729
8539.618 7716
8539.628 7702
8539.638 7691
8539.65 7677
8539.66 7669
8539.67 7658
8539.68 7651
8539.69 7642
8539.7 7634
8539.712 7624
8539.722 7615
8539.732 7606
8539.742 7598
8539.752 7586
8539.762 7574
8539.772 7562
8539.784 7545
8539.794 7530
8539.804 7514
8539.814 7498
8539.824 7480
8539.834 7461
8539.846 7441
8539.856 7426
8539.866 7413
8539.876 7402
8539.886 7395
8539.896 7389
8539.906 7384
8539.918 7378
8539.928 7370
8539.938 7361
8539.948 7354
8539.958 7342
8539.968 7329
8539.98 7310
8539.99 7295
8540 7278
8540.01 7265
8540.02 7249
8540.03 7236
8540.04 7220
8540.052 7203
8540.062 7191
8540.072 7179
8540.082 7171
8540.092 7160
8540.102 7154
8540.114 7146
8540.124 7137
8540.134 7130
8540.144 7121
8540.154 7111
8540.164 7103
8540.174 7091
8540.186 7079
8540.196 7067
8540.206 7056
8540.216 7048
8540.226 7037
8540.236 7023
8540.248 7007
8540.258 6993
8540.268 6979
8540.278 6965
8540.288 6952
8540.298 6937
8540.308 6922
8540.32 6905
8540.33 6891
8540.34 6878
8540.35 6865
8540.36 6854
8540.37 6842
8540.382 6828
8540.392 6814
8540.402 6798
8540.412 6784
8540.422 6768
8540.432 6754
8540.444 6738
8540.454 6724
8540.464 6709
8540.474 6694
8540.484 6680
8540.494 6666
8540.504 6650
8540.516 6630
8540.526 6616
8540.536 6600
8540.546 6586
8540.556 6569
8540.566 6553
8540.578 6535
8540.588 6519
8540.598 6503
8540.608 6485
8540.618 6469
8540.628 6455
8540.638 6440
8540.65 6420
8540.66 6403
8540.67 6383
8540.68 6363
8540.69 6344
8540.7 6323
8540.712 6298
8540.722 6276
8540.732 6251
8540.742 6228
8540.752 6204
8540.762 6179
8540.772 6153
8540.784 6129
8540.794 6112
8540.804 6098
8540.814 6090
8540.824 6085
8540.834 6084
8540.846 6082
8540.856 6079
8540.866 6073
8540.876 6065
8540.886 6057
8540.896 6045
8540.906 6033
8540.918 6019
8540.928 6006
8540.938 5995
8540.948 5983
8540.958 5971
8540.968 5956
8540.98 5938
8540.99 5922
8541 5908
8541.01 5892
8541.02 5875
8541.03 5858
8541.04 5841
8541.052 5824
8541.062 5808
8541.072 5791
8541.082 5772
8541.092 5754
8541.102 5736
8541.114 5717
8541.124 5701
8541.134 5683
8541.144 5666
8541.154 5649
8541.164 5632
8541.174 5616
8541.186 5598
8541.196 5580
8541.206 5565
8541.216 5550
8541.226 5533
8541.236 5516
8541.248 5496
8541.258 5479
8541.268 5463
8541.278 5442
8541.288 5425
8541.298 5407
8541.308 5391
8541.32 5368
8541.33 5351
8541.34 5333
8541.35 5314
8541.36 5295
8541.37 5274
8541.382 5251
8541.392 5234
8541.402 5216
8541.412 5197
8541.422 5178
8541.432 5160
8541.444 5136
8541.454 5117
8541.464 5096
8541.474 5075
8541.484 5054
8541.494 5033
8541.504 5012
8541.516 4986
8541.526 4963
8541.536 4943
8541.546 4921
8541.556 4899
8541.566 4879
8541.578 4853
8541.588 4831
8541.598 4805
8541.608 4781
8541.618 4757
8541.628 4730
8541.638 4702
8541.65 4672
8541.66 4643
8541.67 4614
8541.68 4583
8541.69 4554
8541.7 4520
8541.712 4475
8541.722 4436
8541.732 4394
8541.742 4355
8541.752 4310
8541.762 4265
8541.772 4215
8541.784 4156
8541.794 4101
8541.804 4046
8541.814 3986
8541.824 3927
8541.834 3862
8541.846 3781
8541.856 3706
8541.866 3627
8541.876 3548
8541.886 3468
8541.896 3388
8541.906 3299
8541.918 3183
8541.928 3084
8541.938 2983
8541.948 2881
8541.958 2776
8541.968 2672
8541.98 2545
8541.99 2440
8542 2342
8542.01 2253
8542.02 2170
8542.03 2099
8542.04 2038
8542.052 1974
8542.062 1929
8542.072 1898
8542.082 1870
8542.092 1848
8542.102 1833
8542.114 1823
8542.124 1823
8542.134 1828
8542.144 1839
8542.154 1855
8542.164 1873
8542.174 1899
8542.186 1929
8542.196 1966
8542.206 2008
8542.216 2051
8542.226 2099
8542.236 2153
8542.248 2221
8542.258 2284
8542.268 2347
8542.278 2418
8542.288 2493
8542.298 2572
8542.308 2665
8542.32 2797
8542.33 2925
8542.34 3058
8542.35 3201
8542.36 3349
8542.37 3498
8542.382 3659
8542.392 3780
8542.402 3884
8542.412 3976
8542.422 4059
8542.432 4133
8542.444 4212
8542.454 4272
8542.464 4329
8542.474 4380
8542.484 4428
8542.494 4474
8542.504 4516
8542.516 4565
8542.526 4601
8542.536 4635
8542.546 4667
8542.556 4698
8542.566 4729
8542.578 4766
8542.588 4790
8542.598 4820
8542.608 4845
8542.618 4871
8542.628 4893
8542.638 4918
8542.65 4947
8542.66 4969
8542.67 4992
8542.68 5015
8542.69 5035
8542.7 5057
8542.712 5081
8542.722 5100
8542.732 5121
8542.742 5142
8542.752 5162
8542.762 5183
8542.772 5202
8542.784 5227
8542.794 5247
8542.804 5264
8542.814 5284
8542.824 5301
8542.834 5318
8542.846 5340
8542.856 5357
8542.866 5374
8542.876 5391
8542.886 5408
8542.896 5426
8542.906 5443
8542.918 5463
8542.928 5480
8542.938 5494
8542.948 5512
8542.958 5528
8542.968 5546
8542.98 5566
8542.99 5584
8543 5601
8543.01 5617
8543.02 5634
8543.03 5650
8543.04 5665
8543.052 5687
8543.062 5701
8543.072 5718
8543.082 5734
8543.092 5748
8543.102 5766
8543.114 5784
8543.124 5801
8543.134 5815
8543.144 5831
8543.154 5849
8543.164 5866
8543.174 5880
8543.186 5901
8543.196 5915
8543.206 5929
8543.216 5942
8543.226 5959
8543.236 5977
8543.248 5998
8543.258 6015
8543.268 6030
8543.278 6049
8543.288 6066
8543.298 6083
8543.308 6101
8543.32 6122
8543.33 6138
8543.34 6152
8543.35 6168
8543.36 6183
8543.37 6197
8543.382 6215
8543.392 6229
8543.402 6246
8543.412 6259
8543.422 6275
8543.432 6291
8543.444 6309
8543.454 6326
8543.464 6339
8543.474 6356
8543.484 6370
8543.494 6388
8543.504 6405
8543.516 6423
8543.526 6438
8543.536 6452
8543.546 6465
8543.556 6476
8543.566 6488
8543.578 6500
8543.588 6513
8543.598 6528
8543.608 6540
8543.618 6558
8543.628 6573
8543.638 6589
8543.65 6607
8543.66 6620
8543.67 6632
8543.68 6644
8543.69 6655
8543.7 6667
8543.712 6681
8543.722 6695
8543.732 6709
8543.742 6723
8543.752 6741
8543.762 6758
8543.772 6774
8543.784 6793
8543.794 6808
8543.804 6821
8543.814 6835
8543.824 6846
8543.834 6858
8543.846 6872
8543.856 6886
8543.866 6900
8543.876 6912
8543.886 6926
8543.896 6939
8543.906 6952
8543.918 6970
8543.928 6984
8543.938 6998
8543.948 7010
8543.958 7023
8543.968 7036
8543.98 7050
8543.99 7063
8544 7075
8544.01 7089
8544.02 7101
8544.03 7114
8544.04 7128
8544.052 7142
8544.062 7153
8544.072 7166
8544.082 7177
8544.092 7190
8544.102 7202
8544.114 7216
8544.124 7224
8544.134 7233
8544.144 7243
8544.154 7248
8544.164 7253
8544.174 7258
8544.186 7263
8544.196 7268
8544.206 7273
8544.216 7276
8544.226 7283
8544.236 7291
8544.248 7304
8544.258 7318
8544.268 7333
8544.278 7354
8544.288 7371
8544.298 7391
8544.308 7412
8544.32 7436
8544.33 7457
8544.34 7474
8544.35 7491
8544.36 7504
8544.37 7516
8544.382 7529
8544.392 7538
8544.402 7551
8544.412 7562
8544.422 7571
8544.432 7583
8544.444 7598
8544.454 7609
8544.464 7622
8544.474 7631
8544.484 7642
8544.494 7652
8544.504 7661
8544.516 7674
8544.526 7686
8544.536 7697
8544.546 7707
8544.556 7718
8544.566 7729
8544.578 7741
8544.588 7753
8544.598 7762
8544.608 7773
8544.618 7782
8544.628 7789
8544.638 7796
8544.65 7804
8544.66 7812
8544.67 7822
8544.68 7830
8544.69 7839
8544.7 7845
8544.712 7855
8544.722 7864
8544.732 7873
8544.742 7881
8544.752 7892
8544.762 7902
8544.772 7911
8544.784 7922
8544.794 7934
8544.804 7946
8544.814 7957
8544.824 7968
8544.834 7978
8544.846 7993
8544.856 8002
8544.866 8013
8544.876 8022
8544.886 8031
8544.896 8037
8544.906 8046
8544.918 8053
8544.928 8062
8544.938 8071
8544.948 8080
8544.958 8091
8544.968 8100
8544.98 8109
8544.99 8116
8545 8124
8545.01 8132
8545.02 8138
8545.03 8148
8545.04 8156
8545.052 8163
8545.062 8173
8545.072 8181
8545.082 8186
8545.092 8195
8545.102 8201
8545.114 8211
8545.124 8220
8545.134 8229
8545.144 8238
8545.154 8246
8545.164 8256
8545.174 8265
8545.186 8275
8545.196 8281
8545.206 8287
8545.216 8293
8545.226 8300
8545.236 8305
8545.248 8313
8545.258 8319
8545.268 8325
8545.278 8332
8545.288 8338
8545.298 8343
8545.308 8349
8545.32 8356
8545.33 8361
8545.34 8368
8545.35 8373
8545.36 8378
8545.37 8382
8545.382 8388
8545.392 8393
8545.402 8399
8545.412 8404
8545.422 8410
8545.432 8416
8545.444 8425
8545.454 8431
8545.464 8440
8545.474 8446
8545.484 8454
8545.494 8460
8545.504 8466
8545.516 8473
8545.526 8479
8545.536 8484
8545.546 8490
8545.556 8498
8545.566 8507
8545.578 8517
8545.588 8522
8545.598 8531
8545.608 8537
8545.618 8542
8545.628 8548
8545.638 8553
8545.65 8557
8545.66 8563
8545.67 8568
8545.68 8575
8545.69 8582
8545.7 8591
8545.712 8597
8545.722 8604
8545.732 8609
8545.742 8615
8545.752 8620
8545.762 8626
8545.772 8631
8545.784 8639
8545.794 8644
8545.804 8649
8545.814 8655
8545.824 8660
8545.834 8664
8545.846 8670
8545.856 8673
8545.866 8676
8545.876 8679
8545.886 8682
8545.896 8683
8545.906 8687
8545.918 8691
8545.928 8697
8545.938 8704
8545.948 8710
8545.958 8719
8545.968 8728
8545.98 8739
8545.99 8747
8546 8753
8546.01 8762
8546.02 8767
8546.03 8773
8546.04 8776
8546.052 8780
8546.062 8784
8546.072 8784
8546.082 8788
8546.092 8788
8546.102 8788
8546.114 8789
8546.124 8789
8546.134 8790
8546.144 8790
8546.154 8790
8546.164 8790
8546.174 8790
8546.186 8788
8546.196 8791
8546.206 8793
8546.216 8797
8546.226 8802
8546.236 8812
8546.248 8822
8546.258 8831
8546.268 8839
8546.278 8848
8546.288 8857
8546.298 8864
8546.308 8872
8546.32 8878
8546.33 8881
8546.34 8884
8546.35 8888
8546.36 8888
8546.37 8889
8546.382 8889
8546.392 8888
8546.402 8883
8546.412 8878
8546.422 8869
8546.432 8863
8546.444 8857
8546.454 8857
8546.464 8860
8546.474 8869
8546.484 8881
8546.494 8894
8546.504 8909
8546.516 8925
8546.526 8937
8546.536 8948
8546.546 8958
8546.556 8964
8546.566 8969
8546.578 8971
8546.588 8973
8546.598 8973
8546.608 8974
8546.618 8977
8546.628 8981
8546.638 8984
8546.65 8990
8546.66 8995
8546.67 8999
8546.68 9005
8546.69 9013
8546.7 9018
8546.712 9026
8546.722 9033
8546.732 9039
8546.742 9044
8546.752 9050
8546.762 9054
8546.772 9058
8546.784 9062
8546.794 9066
8546.804 9071
8546.814 9075
8546.824 9079
8546.834 9083
8546.846 9087
8546.856 9090
8546.866 9094
8546.876 9097
8546.886 9101
8546.896 9101
8546.906 9099
8546.918 9099
8546.928 9102
8546.938 9103
8546.948 9107
8546.958 9109
8546.968 9113
8546.98 9113
8546.99 9116
8547 9116
8547.01 9118
8547.02 9117
8547.03 9121
8547.04 9121
8547.052 9125
8547.062 9126
8547.072 9129
8547.082 9130
8547.092 9133
8547.102 9137
8547.114 9140
8547.124 9144
8547.134 9147
8547.144 9151
8547.154 9155
8547.164 9156
8547.174 9159
8547.186 9165
8547.196 9170
8547.206 9177
8547.216 9183
8547.226 9188
8547.236 9197
8547.248 9204
8547.258 9211
8547.268 9215
8547.278 9220
8547.288 9223
8547.298 9225
8547.308 9226
8547.32 9229
8547.33 9229
8547.34 9227
8547.35 9227
8547.36 9224
8547.37 9224
8547.382 9222
8547.392 9221
8547.402 9221
8547.412 9222
8547.422 9218
8547.432 9217
8547.444 9212
8547.454 9210
8547.464 9208
8547.474 9207
8547.484 9207
8547.494 9208
8547.504 9211
8547.516 9214
8547.526 9221
8547.536 9226
8547.546 9231
8547.556 9235
8547.566 9235
8547.578 9232
8547.588 9226
8547.598 9219
8547.608 9211
8547.618 9207
8547.628 9198
8547.638 9193
8547.65 9186
8547.66 9181
8547.67 9178
8547.68 9175
8547.69 9173
8547.7 9172
8547.712 9171
8547.722 9169
8547.732 9163
8547.742 9155
8547.752 9147
8547.762 9140
8547.772 9134
8547.784 9131
8547.794 9134
8547.804 9139
8547.814 9147
8547.824 9157
8547.834 9170
8547.846 9183
8547.856 9196
8547.866 9208
8547.876 9220
8547.886 9229
8547.896 9234
8547.906 9237
8547.918 9236
8547.928 9232
8547.938 9226
8547.948 9216
8547.958 9206
8547.968 9193
8547.98 9172
8547.99 9154
8548 9129
8548.01 9103
8548.02 9074
8548.03 9036
8548.04 8996
8548.052 8954
8548.062 8917
8548.072 8880
8548.082 8849
8548.092 8839
8548.102 8868
8548.114 8925
8548.124 8974
8548.134 9026
8548.144 9090
8548.154 9152
8548.164 9205
8548.174 9249
8548.186 9288
8548.196 9315
8548.206 9339
8548.216 9356
8548.226 9370
8548.236 9378
8548.248 9387
8548.258 9391
8548.268 9391
8548.278 9389
8548.288 9388
8548.298 9388
8548.308 9389
8548.32 9389
8548.33 9390
8548.34 9393
8548.35 9397
8548.36 9402
8548.37 9408
8548.382 9418
8548.392 9427
8548.402 9433
8548.412 9442
8548.422 9447
8548.432 9452
8548.444 9453
8548.454 9456
8548.464 9457
8548.474 9457
8548.484 9458
8548.494 9461
8548.504 9463
8548.516 9465
8548.526 9465
8548.536 9465
8548.546 9466
8548.556 9463
8548.566 9462
8548.578 9464
8548.588 9467
8548.598 9470
8548.608 9471
8548.618 9474
8548.628 9474
8548.638 9475
8548.65 9476
8548.66 9473
8548.67 9472
8548.68 9470
8548.69 9470
8548.7 9469
8548.712 9466
8548.722 9467
8548.732 9463
8548.742 9458
8548.752 9446
8548.762 9432
8548.772 9413
8548.784 9382
8548.794 9353
8548.804 9319
8548.814 9285
8548.824 9250
8548.834 9215
8548.846 9175
8548.856 9154
8548.866 9159
8548.876 9185
8548.886 9218
8548.896 9252
8548.906 9286
8548.918 9327
8548.928 9358
8548.938 9388
8548.948 9414
8548.958 9437
8548.968 9456
8548.98 9477
8548.99 9491
8549 9500
8549.01 9508
8549.02 9513
8549.03 9513
8549.04 9514
8549.052 9513
8549.062 9512
8549.072 9510
8549.082 9501
8549.092 9492
8549.102 9478
8549.114 9455
8549.124 9435
8549.134 9417
8549.144 9397
8549.154 9380
8549.164 9366
8549.174 9361
8549.186 9362
8549.196 9371
8549.206 9387
8549.216 9406
8549.226 9426
8549.236 9448
8549.248 9474
8549.258 9492
8549.268 9507
8549.278 9517
8549.288 9525
8549.298 9533
8549.308 9539
8549.32 9544
8549.33 9549
8549.34 9555
8549.35 9560
8549.36 9565
8549.37 9569
8549.382 9572
8549.392 9572
8549.402 9570
8549.412 9570
8549.422 9570
8549.432 9570
8549.444 9570
8549.454 9569
8549.464 9568
8549.474 9568
8549.484 9567
8549.494 9566
8549.504 9566
8549.516 9569
8549.526 9570
8549.536 9570
8549.546 9570
8549.556 9570
8549.566 9570
8549.578 9568
8549.588 9568
8549.598 9565
8549.608 9561
8549.618 9558
8549.628 9554
8549.638 9549
8549.65 9543
8549.66 9539
8549.67 9537
8549.68 9536
8549.69 9538
8549.7 9540
8549.712 9545
8549.722 9550
8549.732 9555
8549.742 9561
8549.752 9565
8549.762 9570
8549.772 9570
8549.784 9570
8549.794 9571
8549.804 9570
8549.814 9567
8549.824 9567
8549.834 9565
8549.846 9565
8549.856 9569
8549.866 9572
8549.876 9575
8549.886 9579
8549.896 9584
8549.906 9588
8549.918 9594
8549.928 9600
8549.938 9606
8549.948 9615
8549.958 9621
8549.968 9623
8549.98 9625
8549.99 9626
8550 9626
8550.01 9627
8550.02 9627
8550.03 9626
8550.04 9627
8550.052 9624
8550.062 9623
8550.072 9619
8550.082 9615
8550.092 9609
8550.102 9606
8550.114 9601
8550.124 9600
8550.134 9597
8550.144 9594
8550.154 9591
8550.164 9585
8550.174 9574
8550.186 9559
8550.196 9544
8550.206 9527
8550.216 9508
8550.226 9491
8550.236 9467
8550.248 9438
8550.258 9413
8550.268 9384
8550.278 9354
8550.288 9324
8550.298 9293
8550.308 9263
8550.32 9236
8550.33 9218
8550.34 9206
8550.35 9204
8550.36 9212
8550.37 9227
8550.382 9253
8550.392 9280
8550.402 9307
8550.412 9341
8550.422 9372
8550.432 9402
8550.444 9433
8550.454 9460
8550.464 9482
8550.474 9501
8550.484 9519
8550.494 9532
8550.504 9543
8550.516 9554
8550.526 9562
8550.536 9570
8550.546 9578
8550.556 9585
8550.566 9592
8550.578 9604
8550.588 9610
8550.598 9618
8550.608 9623
8550.618 9626
8550.628 9630
8550.638 9630
8550.65 9631
8550.66 9627
8550.67 9627
8550.68 9624
8550.69 9624
8550.7 9623
8550.712 9623
8550.722 9622
8550.732 9620
8550.742 9618
8550.752 9617
8550.762 9614
8550.772 9609
8550.784 9601
8550.794 9591
8550.804 9579
8550.814 9563
8550.824 9550
8550.834 9535
8550.846 9523
8550.856 9516
8550.866 9516
8550.876 9516
8550.886 9521
8550.896 9530
8550.906 9539
8550.918 9553
8550.928 9563
8550.938 9571
8550.948 9577
8550.958 9582
8550.968 9588
8550.98 9592
8550.99 9599
8551 9603
8551.01 9610
8551.02 9615
8551.03 9620
8551.04 9622
8551.052 9623
8551.062 9622
8551.072 9619
8551.082 9617
8551.092 9613
8551.102 9609
8551.114 9607
8551.124 9607
8551.134 9607
8551.144 9611
8551.154 9617
8551.164 9623
8551.174 9631
8551.186 9642
8551.196 9651
8551.206 9659
8551.216 9666
8551.226 9671
8551.236 9675
8551.248 9678
8551.258 9682
8551.268 9686
8551.278 9688
8551.288 9689
8551.298 9693
8551.308 9693
8551.32 9694
8551.33 9693
8551.34 9695
8551.35 9695
8551.36 9694
8551.37 9697
8551.382 9699
8551.392 9702
8551.402 9707
8551.412 9711
8551.422 9716
8551.432 9719
8551.444 9721
8551.454 9725
8551.464 9728
8551.474 9728
8551.484 9732
8551.494 9735
8551.504 9739
8551.516 9742
8551.526 9746
8551.536 9750
8551.546 9749
8551.556 9750
8551.566 9746
8551.578 9746
8551.588 9743
8551.598 9743
8551.608 9744
8551.618 9746
8551.628 9746
8551.638 9746
8551.65 9744
8551.66 9743
8551.67 9743
8551.68 9743
8551.69 9747
8551.7 9748
8551.712 9751
8551.722 9755
8551.732 9758
8551.742 9760
8551.752 9762
8551.762 9762
8551.772 9762
8551.784 9762
8551.794 9762
8551.804 9764
8551.814 9766
8551.824 9768
8551.834 9768
8551.846 9772
8551.856 9773
8551.866 9775
8551.876 9776
8551.886 9776
8551.896 9772
8551.906 9773
8551.918 9770
8551.928 9768
8551.938 9767
8551.948 9764
8551.958 9763
8551.968 9760
8551.98 9760
8551.99 9761
8552 9761
8552.01 9764
8552.02 9766
8552.03 9769
8552.04 9768
8552.052 9766
8552.062 9767
8552.072 9764
8552.082 9761
8552.092 9759
8552.102 9757
8552.114 9755
8552.124 9756
8552.134 9757
8552.144 9757
8552.154 9758
8552.164 9758
8552.174 9759
8552.186 9761
8552.196 9761
8552.206 9762
8552.216 9761
8552.226 9761
8552.236 9762
8552.248 9764
8552.258 9766
8552.268 9766
8552.278 9768
8552.288 9768
8552.298 9770
8552.308 9771
8552.32 9773
8552.33 9775
8552.34 9779
8552.35 9782
8552.36 9785
8552.37 9788
8552.382 9789
8552.392 9789
8552.402 9789
8552.412 9789
8552.422 9790
8552.432 9792
8552.444 9794
8552.454 9795
8552.464 9795
8552.474 9797
8552.484 9799
8552.494 9798
8552.504 9799
8552.516 9799
8552.526 9800
8552.536 9799
8552.546 9800
8552.556 9802
8552.566 9802
8552.578 9801
8552.588 9801
8552.598 9800
8552.608 9800
8552.618 9799
8552.628 9800
8552.638 9802
8552.65 9802
8552.66 9800
8552.67 9801
8552.68 9800
8552.69 9800
8552.7 9801
8552.712 9802
8552.722 9804
8552.732 9805
8552.742 9806
8552.752 9806
8552.762 9804
8552.772 9804
8552.784 9803
8552.794 9804
8552.804 9803
8552.814 9805
8552.824 9804
8552.834 9805
8552.846 9804
8552.856 9803
8552.866 9800
8552.876 9799
8552.886 9797
8552.896 9797
8552.906 9798
8552.918 9798
8552.928 9797
8552.938 9796
8552.948 9792
8552.958 9792
8552.968 9792
8552.98 9794
8552.99 9794
8553 9793
8553.01 9796
8553.02 9798
8553.03 9798
8553.04 9799
8553.052 9801
8553.062 9800
8553.072 9803
8553.082 9804
8553.092 9806
8553.102 9807
8553.114 9806
8553.124 9805
8553.134 9806
8553.144 9805
8553.154 9806
8553.164 9807
8553.174 9808
8553.186 9811
8553.196 9814
8553.206 9817
8553.216 9819
8553.226 9819
8553.236 9820
8553.248 9822
8553.258 9822
8553.268 9825
8553.278 9828
8553.288 9831
8553.298 9834
8553.308 9834
8553.32 9834
8553.33 9833
8553.34 9832
8553.35 9834
8553.36 9833
8553.37 9834
8553.382 9834
8553.392 9835
8553.402 9837
8553.412 9840
8553.422 9840
8553.432 9841
8553.444 9838
8553.454 9834
8553.464 9830
8553.474 9827
8553.484 9824
8553.494 9821
8553.504 9820
8553.516 9820
8553.526 9818
8553.536 9818
8553.546 9817
8553.556 9815
8553.566 9816
8553.578 9814
8553.588 9813
8553.598 9812
8553.608 9813
8553.618 9813
8553.628 9812
8553.638 9813
8553.65 9811
8553.66 9810
8553.67 9807
8553.68 9802
8553.69 9798
8553.7 9793
8553.712 9786
8553.722 9779
8553.732 9769
8553.742 9759
8553.752 9749
8553.762 9741
8553.772 9740
8553.784 9744
8553.794 9752
8553.804 9765
8553.814 9776
8553.824 9789
8553.834 9799
8553.846 9808
8553.856 9814
8553.866 9817
8553.876 9820
8553.886 9823
8553.896 9826
8553.906 9830
8553.918 9835
8553.928 9840
8553.938 9841
8553.948 9842
8553.958 9844
8553.968 9846
8553.98 9851
8553.99 9853
8554 9855
8554.01 9855
8554.02 9855
8554.03 9852
8554.04 9848
8554.052 9845
8554.062 9845
8554.072 9846
8554.082 9845
8554.092 9844
8554.102 9843
8554.114 9839
8554.124 9835
8554.134 9829
8554.144 9821
8554.154 9810
8554.164 9797
8554.174 9781
8554.186 9760
8554.196 9739
8554.206 9717
8554.216 9692
8554.226 9668
8554.236 9648
8554.248 9628
8554.258 9620
8554.268 9616
8554.278 9616
8554.288 9623
8554.298 9632
8554.308 9646
8554.32 9664
8554.33 9680
8554.34 9694
8554.35 9705
8554.36 9714
8554.37 9721
8554.382 9726
8554.392 9730
8554.402 9734
8554.412 9738
8554.422 9742
8554.432 9748
8554.444 9754
8554.454 9758
8554.464 9763
8554.474 9766
8554.484 9772
8554.494 9777
8554.504 9784
8554.516 9796
8554.526 9804
8554.536 9811
8554.546 9818
8554.556 9823
8554.566 9827
8554.578 9828
8554.588 9825
8554.598 9825
8554.608 9827
8554.618 9827
8554.628 9828
8554.638 9829
8554.65 9827
8554.66 9823
8554.67 9816
8554.68 9810
8554.69 9803
8554.7 9798
8554.712 9793
8554.722 9794
8554.732 9795
8554.742 9801
8554.752 9807
8554.762 9815
8554.772 9823
8554.784 9828
8554.794 9832
8554.804 9837
8554.814 9839
8554.824 9839
8554.834 9841
8554.846 9838
8554.856 9835
8554.866 9830
8554.876 9824
8554.886 9815
8554.896 9803
8554.906 9793
8554.918 9781
8554.928 9774
8554.938 9768
8554.948 9764
8554.958 9764
8554.968 9761
8554.98 9763
8554.99 9764
8555 9764
8555.01 9765
8555.02 9765
8555.03 9763
8555.04 9758
8555.052 9753
8555.062 9744
8555.072 9736
8555.082 9727
8555.092 9720
8555.102 9715
8555.114 9711
8555.124 9710
8555.134 9710
8555.144 9712
8555.154 9718
8555.164 9725
8555.174 9734
8555.186 9744
8555.196 9752
8555.206 9758
8555.216 9762
8555.226 9762
8555.236 9762
8555.248 9761
8555.258 9756
8555.268 9749
8555.278 9742
8555.288 9729
8555.298 9719
8555.308 9708
8555.32 9695
8555.33 9688
8555.34 9685
8555.35 9686
8555.36 9694
8555.37 9702
8555.382 9716
8555.392 9727
8555.402 9737
8555.412 9744
8555.422 9747
8555.432 9745
8555.444 9739
8555.454 9727
8555.464 9711
8555.474 9688
8555.484 9659
8555.494 9623
8555.504 9582
8555.516 9527
8555.526 9481
8555.536 9442
8555.546 9414
8555.556 9394
8555.566 9382
8555.578 9383
8555.588 9396
8555.598 9419
8555.608 9450
8555.618 9490
8555.628 9530
8555.638 9572
8555.65 9612
8555.66 9640
8555.67 9660
8555.68 9676
8555.69 9687
8555.7 9694
8555.712 9698
8555.722 9700
8555.732 9700
8555.742 9700
8555.752 9699
8555.762 9698
8555.772 9696
8555.784 9695
8555.794 9693
8555.804 9693
8555.814 9691
8555.824 9689
8555.834 9687
8555.846 9683
8555.856 9679
8555.866 9675
8555.876 9672
8555.886 9671
8555.896 9670
8555.906 9668
8555.918 9670
8555.928 9672
8555.938 9678
8555.948 9685
8555.958 9694
8555.968 9703
8555.98 9712
8555.99 9720
8556 9724
8556.01 9725
8556.02 9729
8556.03 9732
8556.04 9736
8556.052 9738
8556.062 9741
8556.072 9744
8556.082 9746
8556.092 9750
8556.102 9750
8556.114 9751
8556.124 9752
8556.134 9752
8556.144 9753
8556.154 9751
8556.164 9752
8556.174 9751
8556.186 9749
8556.196 9746
8556.206 9744
8556.216 9738
8556.226 9732
8556.236 9726
8556.248 9717
8556.258 9708
8556.268 9700
8556.278 9689
8556.288 9681
8556.298 9675
8556.308 9672
8556.32 9666
8556.33 9662
8556.34 9659
8556.35 9655
8556.36 9650
8556.37 9645
8556.382 9636
8556.392 9627
8556.402 9618
8556.412 9608
8556.422 9595
8556.432 9581
8556.444 9561
8556.454 9540
8556.464 9517
8556.474 9490
8556.484 9462
8556.494 9434
8556.504 9403
8556.516 9363
8556.526 9327
8556.536 9287
8556.546 9245
8556.556 9200
8556.566 9152
8556.578 9080
8556.588 9011
8556.598 8935
8556.608 8851
8556.618 8753
8556.628 8629
8556.638 8487
8556.65 8297
8556.66 8118
8556.67 7912
8556.68 7687
8556.69 7445
8556.7 7173
8556.712 6827
8556.722 6530
8556.732 6230
8556.742 5947
8556.752 5673
8556.762 5447
8556.772 5261
8556.784 5098
8556.794 5057
8556.804 5074
8556.814 5158
8556.824 5305
8556.834 5522
8556.846 5820
8556.856 6108
8556.866 6431
8556.876 6750
8556.886 7049
8556.896 7327
8556.906 7595
8556.918 7874
8556.928 8054
8556.938 8212
8556.948 8349
8556.958 8471
8556.968 8574
8556.98 8682
8556.99 8762
8557 8833
8557.01 8901
8557.02 8968
8557.03 9025
8557.04 9079
8557.052 9137
8557.062 9185
8557.072 9228
8557.082 9271
8557.092 9313
8557.102 9353
8557.114 9395
8557.124 9430
8557.134 9459
8557.144 9486
8557.154 9510
8557.164 9534
8557.174 9556
8557.186 9579
8557.196 9600
8557.206 9618
8557.216 9635
8557.226 9650
8557.236 9664
8557.248 9680
8557.258 9691
8557.268 9701
8557.278 9710
8557.288 9722
8557.298 9731
8557.308 9741
8557.32 9749
8557.33 9753
8557.34 9758
8557.35 9761
8557.36 9766
8557.37 9772
8557.382 9780
8557.392 9784
8557.402 9787
8557.412 9791
8557.422 9794
8557.432 9799
8557.444 9803
8557.454 9807
8557.464 9810
8557.474 9812
8557.484 9811
8557.494 9812
8557.504 9812
8557.516 9811
8557.526 9811
8557.536 9811
8557.546 9811
8557.556 9811
8557.566 9815
8557.578 9818
8557.588 9820
8557.598 9822
8557.608 9824
8557.618 9824
8557.628 9824
8557.638 9821
8557.65 9818
8557.66 9817
8557.67 9815
8557.68 9817
8557.69 9818
8557.7 9821
8557.712 9824
8557.722 9828
8557.732 9830
8557.742 9835
8557.752 9836
8557.762 9839
8557.772 9838
8557.784 9836
8557.794 9833
8557.804 9833
8557.814 9830
8557.824 9829
8557.834 9831
8557.846 9833
8557.856 9837
8557.866 9842
8557.876 9846
8557.886 9848
8557.896 9848
8557.906 9848
8557.918 9848
8557.928 9848
8557.938 9848
8557.948 9851
8557.958 9853
8557.968 9854
8557.98 9857
8557.99 9858
8558 9860
8558.01 9863
8558.02 9866
8558.03 9870
8558.04 9873
8558.052 9876
8558.062 9876
8558.072 9880
8558.082 9881
8558.092 9880
8558.102 9881
8558.114 9884
8558.124 9884
8558.134 9886
8558.144 9886
8558.154 9886
8558.164 9884
8558.174 9883
8558.186 9884
8558.196 9884
8558.206 9884
8558.216 9884
8558.226 9885
8558.236 9884
8558.248 9881
8558.258 9881
8558.268 9881
8558.278 9880
8558.288 9880
8558.298 9880
8558.308 9880
8558.32 9878
8558.33 9877
8558.34 9875
8558.35 9872
8558.36 9869
8558.37 9867
8558.382 9866
8558.392 9869
8558.402 9868
8558.412 9869
8558.422 9866
8558.432 9862
8558.444 9857
8558.454 9854
8558.464 9851
8558.474 9851
8558.484 9850
8558.494 9848
8558.504 9845
8558.516 9840
8558.526 9835
8558.536 9828
8558.546 9822
8558.556 9819
8558.566 9816
8558.578 9814
8558.588 9812
8558.598 9811
8558.608 9811
8558.618 9813
8558.628 9813
8558.638 9817
8558.65 9822
8558.66 9826
8558.67 9829
8558.68 9833
8558.69 9835
8558.7 9841
8558.712 9845
8558.722 9849
8558.732 9852
8558.742 9852
8558.752 9854
8558.762 9854
8558.772 9854
8558.784 9854
8558.794 9854
8558.804 9852
8558.814 9852
8558.824 9850
8558.834 9846
8558.846 9841
8558.856 9838
8558.866 9834
8558.876 9830
8558.886 9825
8558.896 9820
8558.906 9812
8558.918 9796
8558.928 9782
8558.938 9768
8558.948 9752
8558.958 9732
8558.968 9713
8558.98 9684
8558.99 9660
8559 9629
8559.01 9598
8559.02 9573
8559.03 9551
8559.04 9536
8559.052 9528
8559.062 9532
8559.072 9545
8559.082 9561
8559.092 9581
8559.102 9603
8559.114 9626
8559.124 9648
8559.134 9669
8559.144 9686
8559.154 9705
8559.164 9721
8559.174 9734
8559.186 9749
8559.196 9760
8559.206 9765
8559.216 9772
8559.226 9779
8559.236 9785
8559.248 9794
8559.258 9803
8559.268 9811
8559.278 9816
8559.288 9820
8559.298 9823
8559.308 9826
8559.32 9829
8559.33 9830
8559.34 9833
8559.35 9836
8559.36 9841
8559.37 9846
8559.382 9851
8559.392 9857
8559.402 9862
8559.412 9865
8559.422 9866
8559.432 9868
8559.444 9866
8559.454 9865
8559.464 9865
8559.474 9862
8559.484 9863
8559.494 9865
8559.504 9865
8559.516 9865
8559.526 9866
8559.536 9866
8559.546 9866
8559.556 9866
8559.566 9862
8559.578 9860
8559.588 9856
8559.598 9850
8559.608 9843
8559.618 9831
8559.628 9820
8559.638 9805
8559.65 9778
8559.66 9757
8559.67 9724
8559.68 9688
8559.69 9650
8559.7 9609
8559.712 9561
8559.722 9530
8559.732 9507
8559.742 9505
8559.752 9521
8559.762 9545
8559.772 9577
8559.784 9613
8559.794 9641
8559.804 9673
8559.814 9701
8559.824 9727
8559.834 9751
8559.846 9773
8559.856 9787
8559.866 9799
8559.876 9808
8559.886 9813
8559.896 9815
8559.906 9815
8559.918 9815
8559.928 9810
8559.938 9801
8559.948 9793
8559.958 9778
8559.968 9764
8559.98 9745
8559.99 9731
8560 9721