6553 9492
6553.01 9495
6553.02 9493
6553.032 9493
6553.042 9491
6553.054 9492
6553.064 9492
6553.076 9494
6553.086 9494
6553.098 9497
6553.108 9498
6553.118 9497
6553.13 9492
6553.14 9487
6553.152 9480
6553.162 9475
6553.174 9468
6553.184 9462
6553.194 9454
6553.206 9449
6553.216 9452
6553.228 9456
6553.238 9460
6553.25 9465
6553.26 9468
6553.27 9474
6553.282 9481
6553.292 9485
6553.304 9486
6553.314 9487
6553.326 9487
6553.336 9490
6553.348 9491
6553.358 9490
6553.368 9485
6553.38 9481
6553.39 9478
6553.402 9473
6553.412 9472
6553.424 9466
6553.434 9463
6553.444 9458
6553.456 9456
6553.466 9452
6553.478 9446
6553.488 9445
6553.5 9446
6553.51 9446
6553.52 9447
6553.532 9447
6553.542 9446
6553.554 9446
6553.564 9449
6553.576 9453
6553.586 9456
6553.598 9456
6553.608 9455
6553.618 9453
6553.63 9450
6553.64 9447
6553.652 9443
6553.662 9441
6553.674 9439
6553.684 9435
6553.694 9427
6553.706 9414
6553.716 9397
6553.728 9370
6553.738 9340
6553.75 9293
6553.76 9242
6553.77 9179
6553.782 9101
6553.792 9060
6553.804 9123
6553.814 9185
6553.826 9242
6553.836 9268
6553.848 9288
6553.858 9291
6553.868 9291
6553.88 9291
6553.89 9295
6553.902 9305
6553.912 9316
6553.924 9332
6553.934 9345
6553.944 9359
6553.956 9373
6553.966 9381
6553.978 9386
6553.988 9391
6554 9397
6554.01 9406
6554.02 9411
6554.032 9411
6554.042 9408
6554.054 9408
6554.064 9402
6554.076 9395
6554.086 9386
6554.098 9372
6554.108 9355
6554.118 9335
6554.13 9303
6554.14 9269
6554.152 9204
6554.162 9116
6554.174 8959
6554.184 8777
6554.194 8560
6554.206 8332
6554.216 8184
6554.228 8069
6554.238 8090
6554.25 8238
6554.26 8440
6554.27 8637
6554.282 8865
6554.292 9019
6554.304 9138
6554.314 9203
6554.326 9255
6554.336 9286
6554.348 9309
6554.358 9320
6554.368 9327
6554.38 9328
6554.39 9327
6554.402 9325
6554.412 9329
6554.424 9334
6554.434 9339
6554.444 9343
6554.456 9344
6554.466 9347
6554.478 9351
6554.488 9354
6554.5 9355
6554.51 9350
6554.52 9347
6554.532 9343
6554.542 9341
6554.554 9340
6554.564 9341
6554.576 9338
6554.586 9333
6554.598 9326
6554.608 9319
6554.618 9310
6554.63 9300
6554.64 9292
6554.652 9283
6554.662 9278
6554.674 9277
6554.684 9278
6554.694 9285
6554.706 9292
6554.716 9293
6554.728 9288
6554.738 9279
6554.75 9262
6554.76 9242
6554.77 9218
6554.782 9186
6554.792 9157
6554.804 9123
6554.814 9098
6554.826 9078
6554.836 9077
6554.848 9089
6554.858 9109
6554.868 9132
6554.88 9163
6554.89 9186
6554.902 9208
6554.912 9224
6554.924 9236
6554.934 9244
6554.944 9249
6554.956 9254
6554.966 9255
6554.978 9253
6554.988 9249
6555 9243
6555.01 9236
6555.02 9228
6555.032 9216
6555.042 9207
6555.054 9195
6555.064 9179
6555.076 9158
6555.086 9141
6555.098 9126
6555.108 9115
6555.118 9103
6555.13 9091
6555.14 9083
6555.152 9080
6555.162 9081
6555.174 9087
6555.184 9093
6555.194 9097
6555.206 9098
6555.216 9093
6555.228 9083
6555.238 9072
6555.25 9055
6555.26 9035
6555.27 9010
6555.282 8972
6555.292 8936
6555.304 8883
6555.314 8833
6555.326 8762
6555.336 8685
6555.348 8571
6555.358 8466
6555.368 8342
6555.38 8146
6555.39 7954
6555.402 7716
6555.412 7499
6555.424 7222
6555.434 7014
6555.444 6849
6555.456 6712
6555.466 6673
6555.478 6757
6555.488 6903
6555.5 7162
6555.51 7421
6555.52 7686
6555.532 7988
6555.542 8220
6555.554 8437
6555.564 8563
6555.576 8683
6555.586 8776
6555.598 8857
6555.608 8903
6555.618 8940
6555.63 8978
6555.64 9006
6555.652 9035
6555.662 9053
6555.674 9069
6555.684 9075
6555.694 9079
6555.706 9079
6555.716 9077
6555.728 9071
6555.738 9066
6555.75 9059
6555.76 9051
6555.77 9043
6555.782 9033
6555.792 9028
6555.804 9022
6555.814 9017
6555.826 9010
6555.836 9004
6555.848 8998
6555.858 8995
6555.868 8997
6555.88 9006
6555.89 9019
6555.902 9040
6555.912 9056
6555.924 9070
6555.934 9076
6555.944 9078
6555.956 9069
6555.966 9049
6555.978 9012
6555.988 8953
6556 8850
6556.01 8714
6556.02 8500
6556.032 8217
6556.042 7951
6556.054 7712
6556.064 7590
6556.076 7620
6556.086 7747
6556.098 7985
6556.108 8239
6556.118 8460
6556.13 8674
6556.14 8806
6556.152 8903
6556.162 8964
6556.174 9010
6556.184 9038
6556.194 9056
6556.206 9071
6556.216 9077
6556.228 9080
6556.238 9080
6556.25 9080
6556.26 9080
6556.27 9079
6556.282 9080
6556.292 9080
6556.304 9081
6556.314 9079
6556.326 9073
6556.336 9065
6556.348 9056
6556.358 9050
6556.368 9048
6556.38 9052
6556.39 9056
6556.402 9061
6556.412 9065
6556.424 9068
6556.434 9070
6556.444 9072
6556.456 9071
6556.466 9070
6556.478 9067
6556.488 9064
6556.5 9061
6556.51 9059
6556.52 9055
6556.532 9053
6556.542 9051
6556.554 9048
6556.564 9048
6556.576 9048
6556.586 9049
6556.598 9048
6556.608 9044
6556.618 9038
6556.63 9031
6556.64 9025
6556.652 9019
6556.662 9012
6556.674 9000
6556.684 8984
6556.694 8962
6556.706 8924
6556.716 8881
6556.728 8789
6556.738 8663
6556.75 8497
6556.76 8326
6556.77 8172
6556.782 8025
6556.792 7960
6556.804 7997
6556.814 8099
6556.826 8268
6556.836 8417
6556.848 8563
6556.858 8681
6556.868 8767
6556.88 8832
6556.89 8874
6556.902 8910
6556.912 8935
6556.924 8956
6556.934 8967
6556.944 8974
6556.956 8978
6556.966 8980
6556.978 8981
6556.988 8982
6557 8980
6557.01 8977
6557.02 8975
6557.032 8971
6557.042 8969
6557.054 8965
6557.064 8960
6557.076 8952
6557.086 8943
6557.098 8930
6557.108 8917
6557.118 8900
6557.13 8874
6557.14 8842
6557.152 8782
6557.162 8708
6557.174 8582
6557.184 8500
6557.194 8532
6557.206 8657
6557.216 8731
6557.228 8791
6557.238 8827
6557.25 8855
6557.26 8870
6557.27 8878
6557.282 8883
6557.292 8887
6557.304 8892
6557.314 8897
6557.326 8903
6557.336 8906
6557.348 8905
6557.358 8903
6557.368 8901
6557.38 8899
6557.39 8897
6557.402 8894
6557.412 8893
6557.424 8891
6557.434 8887
6557.444 8882
6557.456 8874
6557.466 8868
6557.478 8861
6557.488 8858
6557.5 8856
6557.51 8856
6557.52 8856
6557.532 8853
6557.542 8854
6557.554 8857
6557.564 8862
6557.576 8865
6557.586 8865
6557.598 8861
6557.608 8855
6557.618 8848
6557.63 8842
6557.64 8839
6557.652 8839
6557.662 8839
6557.674 8837
6557.684 8835
6557.694 8830
6557.706 8825
6557.716 8819
6557.728 8811
6557.738 8803
6557.75 8792
6557.76 8782
6557.77 8771
6557.782 8758
6557.792 8749
6557.804 8743
6557.814 8744
6557.826 8747
6557.836 8751
6557.848 8755
6557.858 8758
6557.868 8759
6557.88 8760
6557.89 8760
6557.902 8761
6557.912 8760
6557.924 8756
6557.934 8749
6557.944 8740
6557.956 8732
6557.966 8726
6557.978 8719
6557.988 8712
6558 8702
6558.01 8695
6558.02 8688
6558.032 8680
6558.042 8674
6558.054 8662
6558.064 8650
6558.076 8636
6558.086 8625
6558.098 8615
6558.108 8605
6558.118 8591
6558.13 8567
6558.14 8542
6558.152 8514
6558.162 8504
6558.174 8515
6558.184 8536
6558.194 8555
6558.206 8578
6558.216 8596
6558.228 8612
6558.238 8625
6558.25 8638
6558.26 8647
6558.27 8656
6558.282 8662
6558.292 8664
6558.304 8661
6558.314 8656
6558.326 8653
6558.336 8652
6558.348 8653
6558.358 8654
6558.368 8655
6558.38 8654
6558.39 8652
6558.402 8650
6558.412 8646
6558.424 8638
6558.434 8629
6558.444 8620
6558.456 8613
6558.466 8607
6558.478 8600
6558.488 8592
6558.5 8583
6558.51 8577
6558.52 8574
6558.532 8573
6558.542 8573
6558.554 8575
6558.564 8576
6558.576 8578
6558.586 8578
6558.598 8578
6558.608 8574
6558.618 8569
6558.63 8563
6558.64 8563
6558.652 8567
6558.662 8570
6558.674 8571
6558.684 8572
6558.694 8571
6558.706 8573
6558.716 8573
6558.728 8574
6558.738 8573
6558.75 8571
6558.76 8567
6558.77 8561
6558.782 8553
6558.792 8544
6558.804 8531
6558.814 8522
6558.826 8512
6558.836 8506
6558.848 8499
6558.858 8494
6558.868 8489
6558.88 8486
6558.89 8487
6558.902 8490
6558.912 8493
6558.924 8499
6558.934 8500
6558.944 8501
6558.956 8500
6558.966 8500
6558.978 8499
6558.988 8496
6559 8492
6559.01 8491
6559.02 8491
6559.032 8489
6559.042 8484
6559.054 8475
6559.064 8469
6559.076 8465
6559.086 8464
6559.098 8463
6559.108 8462
6559.118 8460
6559.13 8458
6559.14 8454
6559.152 8450
6559.162 8444
6559.174 8435
6559.184 8430
6559.194 8427
6559.206 8424
6559.216 8424
6559.228 8422
6559.238 8421
6559.25 8419
6559.26 8417
6559.27 8413
6559.282 8406
6559.292 8401
6559.304 8396
6559.314 8393
6559.326 8388
6559.336 8386
6559.348 8383
6559.358 8380
6559.368 8376
6559.38 8369
6559.39 8363
6559.402 8357
6559.412 8352
6559.424 8344
6559.434 8336
6559.444 8325
6559.456 8307
6559.466 8286
6559.478 8248
6559.488 8194
6559.5 8089
6559.51 7983
6559.52 7816
6559.532 7553
6559.542 7324
6559.554 7087
6559.564 6936
6559.576 6886
6559.586 6963
6559.598 7165
6559.608 7356
6559.618 7579
6559.63 7782
6559.64 7905
6559.652 8012
6559.662 8080
6559.674 8138
6559.684 8169
6559.694 8182
6559.706 8182
6559.716 8177
6559.728 8165
6559.738 8150
6559.75 8129
6559.76 8113
6559.77 8101
6559.782 8096
6559.792 8100
6559.804 8110
6559.814 8120
6559.826 8132
6559.836 8142
6559.848 8152
6559.858 8156
6559.868 8156
6559.88 8155
6559.89 8152
6559.902 8149
6559.912 8146
6559.924 8141
6559.934 8135
6559.944 8130
6559.956 8123
6559.966 8119
6559.978 8115
6559.988 8111
6560 8105
6560.01 8099
6560.02 8092
6560.032 8083
6560.042 8074
6560.054 8064
6560.064 8057
6560.076 8051
6560.086 8048
6560.098 8041
6560.108 8033
6560.118 8023
6560.13 8011
6560.14 8001
6560.152 7985
6560.162 7970
6560.174 7950
6560.184 7932
6560.194 7912
6560.206 7886
6560.216 7868
6560.228 7856
6560.238 7851
6560.25 7849
6560.26 7848
6560.27 7850
6560.282 7853
6560.292 7858
6560.304 7866
6560.314 7872
6560.326 7876
6560.336 7874
6560.348 7867
6560.358 7859
6560.368 7853
6560.38 7844
6560.39 7836
6560.402 7823
6560.412 7809
6560.424 7787
6560.434 7762
6560.444 7732
6560.456 7686
6560.466 7626
6560.478 7531
6560.488 7423
6560.5 7282
6560.51 7181
6560.52 7077
6560.532 6959
6560.542 6851
6560.554 6724
6560.564 6657
6560.576 6647
6560.586 6695
6560.598 6793
6560.608 6921
6560.618 7055
6560.63 7196
6560.64 7302
6560.652 7397
6560.662 7452
6560.674 7495
6560.684 7522
6560.694 7540
6560.706 7556
6560.716 7567
6560.728 7580
6560.738 7590
6560.75 7600
6560.76 7604
6560.77 7607
6560.782 7608
6560.792 7608
6560.804 7606
6560.814 7602
6560.826 7595
6560.836 7587
6560.848 7576
6560.858 7569
6560.868 7565
6560.88 7561
6560.89 7556
6560.902 7548
6560.912 7542
6560.924 7531
6560.934 7524
6560.944 7516
6560.956 7506
6560.966 7499
6560.978 7491
6560.988 7483
6561 7473
6561.01 7464
6561.02 7454
6561.032 7441
6561.042 7429
6561.054 7412
6561.064 7395
6561.076 7370
6561.086 7345
6561.098 7315
6561.108 7298
6561.118 7293
6561.13 7297
6561.14 7306
6561.152 7316
6561.162 7318
6561.174 7316
6561.184 7313
6561.194 7306
6561.206 7298
6561.216 7292
6561.228 7281
6561.238 7269
6561.25 7255
6561.26 7244
6561.27 7233
6561.282 7221
6561.292 7211
6561.304 7199
6561.314 7189
6561.326 7177
6561.336 7168
6561.348 7159
6561.358 7148
6561.368 7138
6561.38 7124
6561.39 7114
6561.402 7104
6561.412 7095
6561.424 7083
6561.434 7071
6561.444 7059
6561.456 7044
6561.466 7032
6561.478 7017
6561.488 7005
6561.5 6991
6561.51 6981
6561.52 6970
6561.532 6956
6561.542 6943
6561.554 6928
6561.564 6916
6561.576 6901
6561.586 6889
6561.598 6871
6561.608 6856
6561.618 6841
6561.63 6824
6561.64 6810
6561.652 6795
6561.662 6782
6561.674 6766
6561.684 6750
6561.694 6734
6561.706 6711
6561.716 6694
6561.728 6676
6561.738 6660
6561.75 6642
6561.76 6627
6561.77 6610
6561.782 6591
6561.792 6574
6561.804 6554
6561.814 6536
6561.826 6512
6561.836 6491
6561.848 6466
6561.858 6444
6561.868 6425
6561.88 6400
6561.89 6380
6561.902 6352
6561.912 6330
6561.924 6306
6561.934 6285
6561.944 6260
6561.956 6228
6561.966 6200
6561.978 6165
6561.988 6135
6562 6098
6562.01 6067
6562.02 6038
6562.032 6001
6562.042 5967
6562.054 5924
6562.064 5881
6562.076 5821
6562.086 5768
6562.098 5711
6562.108 5662
6562.118 5610
6562.13 5536
6562.14 5471
6562.152 5392
6562.162 5323
6562.174 5237
6562.184 5163
6562.194 5075
6562.206 4962
6562.216 4876
6562.228 4770
6562.238 4664
6562.25 4537
6562.26 4436
6562.27 4320
6562.282 4185
6562.292 4074
6562.304 3942
6562.314 3821
6562.326 3684
6562.336 3574
6562.348 3446
6562.358 3338
6562.368 3236
6562.38 3112
6562.39 3016
6562.402 2912
6562.412 2825
6562.424 2725
6562.434 2646
6562.444 2571
6562.456 2487
6562.466 2424
6562.478 2355
6562.488 2303
6562.5 2243
6562.51 2194
6562.52 2148
6562.532 2095
6562.542 2054
6562.554 2008
6562.564 1974
6562.576 1936
6562.586 1906
6562.598 1871
6562.608 1843
6562.618 1819
6562.63 1792
6562.64 1773
6562.652 1752
6562.662 1734
6562.674 1713
6562.684 1699
6562.694 1684
6562.706 1667
6562.716 1655
6562.728 1642
6562.738 1633
6562.75 1623
6562.76 1618
6562.77 1613
6562.782 1610
6562.792 1608
6562.804 1606
6562.814 1605
6562.826 1604
6562.836 1604
6562.848 1606
6562.858 1610
6562.868 1614
6562.88 1621
6562.89 1628
6562.902 1638
6562.912 1648
6562.924 1662
6562.934 1674
6562.944 1687
6562.956 1704
6562.966 1720
6562.978 1740
6562.988 1760
6563 1786
6563.01 1810
6563.02 1837
6563.032 1870
6563.042 1900
6563.054 1939
6563.064 1972
6563.076 2018
6563.086 2058
6563.098 2109
6563.108 2152
6563.118 2201
6563.13 2266
6563.14 2321
6563.152 2394
6563.162 2462
6563.174 2551
6563.184 2628
6563.194 2709
6563.206 2812
6563.216 2905
6563.228 3015
6563.238 3117
6563.25 3241
6563.26 3346
6563.27 3459
6563.282 3587
6563.292 3696
6563.304 3835
6563.314 3943
6563.326 4066
6563.336 4169
6563.348 4280
6563.358 4363
6563.368 4447
6563.38 4546
6563.39 4625
6563.402 4726
6563.412 4816
6563.424 4922
6563.434 5014
6563.444 5111
6563.456 5213
6563.466 5290
6563.478 5371
6563.488 5430
6563.5 5485
6563.51 5530
6563.52 5576
6563.532 5643
6563.542 5708
6563.554 5782
6563.564 5833
6563.576 5886
6563.586 5930
6563.598 5981
6563.608 6019
6563.618 6056
6563.63 6095
6563.64 6126
6563.652 6161
6563.662 6189
6563.674 6219
6563.684 6243
6563.694 6269
6563.706 6300
6563.716 6324
6563.728 6351
6563.738 6372
6563.75 6397
6563.76 6420
6563.77 6440
6563.782 6466
6563.792 6487
6563.804 6510
6563.814 6527
6563.826 6546
6563.836 6561
6563.848 6579
6563.858 6596
6563.868 6614
6563.88 6632
6563.89 6645
6563.902 6660
6563.912 6670
6563.924 6682
6563.934 6691
6563.944 6700
6563.956 6710
6563.966 6718
6563.978 6728
6563.988 6738
6564 6745
6564.01 6748
6564.02 6747
6564.032 6742
6564.042 6740
6564.054 6746
6564.064 6760
6564.076 6787
6564.086 6812
6564.098 6841
6564.108 6861
6564.118 6876
6564.13 6886
6564.14 6888
6564.152 6882
6564.162 6870
6564.174 6840
6564.184 6801
6564.194 6736
6564.206 6669
6564.216 6720
6564.228 6818
6564.238 6901
6564.25 6967
6564.26 7008
6564.27 7042
6564.282 7076
6564.292 7099
6564.304 7122
6564.314 7138
6564.326 7155
6564.336 7169
6564.348 7184
6564.358 7195
6564.368 7204
6564.38 7213
6564.39 7220
6564.402 7231
6564.412 7242
6564.424 7257
6564.434 7269
6564.444 7279
6564.456 7290
6564.466 7298
6564.478 7307
6564.488 7314
6564.5 7323
6564.51 7333
6564.52 7342
6564.532 7353
6564.542 7363
6564.554 7374
6564.564 7381
6564.576 7390
6564.586 7396
6564.598 7404
6564.608 7412
6564.618 7419
6564.63 7428
6564.64 7437
6564.652 7448
6564.662 7457
6564.674 7467
6564.684 7473
6564.694 7479
6564.706 7488
6564.716 7497
6564.728 7506
6564.738 7512
6564.75 7515
6564.76 7516
6564.77 7518
6564.782 7522
6564.792 7527
6564.804 7537
6564.814 7546
6564.826 7557
6564.836 7566
6564.848 7577
6564.858 7584
6564.868 7591
6564.88 7599
6564.89 7607
6564.902 7617
6564.912 7624
6564.924 7632
6564.934 7639
6564.944 7644
6564.956 7651
6564.966 7657
6564.978 7664
6564.988 7670
6565 7679
6565.01 7685
6565.02 7691
6565.032 7697
6565.042 7703
6565.054 7714
6565.064 7723
6565.076 7734
6565.086 7741
6565.098 7748
6565.108 7752
6565.118 7757
6565.13 7762
6565.14 7768
6565.152 7775
6565.162 7782
6565.174 7788
6565.184 7793
6565.194 7799
6565.206 7806
6565.216 7813
6565.228 7822
6565.238 7827
6565.25 7833
6565.26 7838
6565.27 7844
6565.282 7850
6565.292 7856
6565.304 7860
6565.314 7859
6565.326 7856
6565.336 7852
6565.348 7845
6565.358 7842
6565.368 7837
6565.38 7836
6565.39 7836
6565.402 7840
6565.412 7844
6565.424 7848
6565.434 7848
6565.444 7840
6565.456 7822
6565.466 7800
6565.478 7777
6565.488 7761
6565.5 7749
6565.51 7748
6565.52 7751
6565.532 7766
6565.542 7784
6565.554 7812
6565.564 7837
6565.576 7869
6565.586 7894
6565.598 7925
6565.608 7948
6565.618 7969
6565.63 7989
6565.64 8003
6565.652 8018
6565.662 8028
6565.674 8036
6565.684 8041
6565.694 8046
6565.706 8052
6565.716 8057
6565.728 8061
6565.738 8066
6565.75 8073
6565.76 8078
6565.77 8081
6565.782 8083
6565.792 8084
6565.804 8086
6565.814 8088
6565.826 8090
6565.836 8092
6565.848 8092
6565.858 8091
6565.868 8088
6565.88 8086
6565.89 8085
6565.902 8088
6565.912 8093
6565.924 8104
6565.934 8117
6565.944 8129
6565.956 8141
6565.966 8147
6565.978 8151
6565.988 8155
6566 8161
6566.01 8165
6566.02 8170
6566.032 8175
6566.042 8178
6566.054 8178
6566.064 8180
6566.076 8184
6566.086 8186
6566.098 8191
6566.108 8197
6566.118 8205
6566.13 8213
6566.14 8220
6566.152 8228
6566.162 8235
6566.174 8241
6566.184 8247
6566.194 8252
6566.206 8256
6566.216 8258
6566.228 8261
6566.238 8264
6566.25 8267
6566.26 8270
6566.27 8273
6566.282 8278
6566.292 8281
6566.304 8284
6566.314 8286
6566.326 8288
6566.336 8292
6566.348 8296
6566.358 8298
6566.368 8299
6566.38 8300
6566.39 8301
6566.402 8302
6566.412 8303
6566.424 8307
6566.434 8312
6566.444 8316
6566.456 8320
6566.466 8323
6566.478 8326
6566.488 8331
6566.5 8338
6566.51 8341
6566.52 8343
6566.532 8342
6566.542 8339
6566.554 8337
6566.564 8337
6566.576 8341
6566.586 8347
6566.598 8355
6566.608 8362
6566.618 8367
6566.63 8370
6566.64 8372
6566.652 8374
6566.662 8379
6566.674 8385
6566.684 8390
6566.694 8394
6566.706 8397
6566.716 8401
6566.728 8406
6566.738 8410
6566.75 8415
6566.76 8420
6566.77 8424
6566.782 8427
6566.792 8429
6566.804 8432
6566.814 8437
6566.826 8443
6566.836 8446
6566.848 8450
6566.858 8452
6566.868 8455
6566.88 8458
6566.89 8460
6566.902 8458
6566.912 8455
6566.924 8452
6566.934 8455
6566.944 8461
6566.956 8468
6566.966 8471
6566.978 8478
6566.988 8486
6567 8495
6567.01 8502
6567.02 8507
6567.032 8510
6567.042 8512
6567.054 8516
6567.064 8518
6567.076 8520
6567.086 8522
6567.098 8525
6567.108 8528
6567.118 8530
6567.13 8532
6567.14 8533
6567.152 8533
6567.162 8532
6567.174 8531
6567.184 8529
6567.194 8529
6567.206 8533
6567.216 8539
6567.228 8547
6567.238 8556
6567.25 8564
6567.26 8569
6567.27 8573
6567.282 8576
6567.292 8577
6567.304 8579
6567.314 8580
6567.326 8580
6567.336 8576
6567.348 8570
6567.358 8567
6567.368 8567
6567.38 8569
6567.39 8570
6567.402 8570
6567.412 8569
6567.424 8571
6567.434 8576
6567.444 8583
6567.456 8591
6567.466 8599
6567.478 8609
6567.488 8616
6567.5 8624
6567.51 8630
6567.52 8634
6567.532 8636
6567.542 8639
6567.554 8642
6567.564 8645
6567.576 8648
6567.586 8649
6567.598 8651
6567.608 8653
6567.618 8655
6567.63 8656
6567.64 8656
6567.652 8655
6567.662 8655
6567.674 8657
6567.684 8659
6567.694 8662
6567.706 8665
6567.716 8666
6567.728 8670
6567.738 8673
6567.75 8678
6567.76 8680
6567.77 8681
6567.782 8680
6567.792 8681
6567.804 8681
6567.814 8684
6567.826 8689
6567.836 8696
6567.848 8705
6567.858 8712
6567.868 8717
6567.88 8720
6567.89 8718
6567.902 8715
6567.912 8716
6567.924 8718
6567.934 8721
6567.944 8725
6567.956 8730
6567.966 8733
6567.978 8735
6567.988 8735
6568 8738
6568.01 8741
6568.02 8745
6568.032 8750
6568.042 8751
6568.054 8752
6568.064 8753
6568.076 8754
6568.086 8756
6568.098 8761
6568.108 8764
6568.118 8768
6568.13 8769
6568.14 8768
6568.152 8767
6568.162 8766
6568.174 8768
6568.184 8771
6568.194 8772
6568.206 8774
6568.216 8775
6568.228 8778
6568.238 8782
6568.25 8788
6568.26 8792
6568.27 8796
6568.282 8800
6568.292 8801
6568.304 8802
6568.314 8803
6568.326 8802
6568.336 8803
6568.348 8802
6568.358 8802
6568.368 8804
6568.38 8806
6568.39 8808
6568.402 8811
6568.412 8812
6568.424 8814
6568.434 8817
6568.444 8821
6568.456 8826
6568.466 8829
6568.478 8831
6568.488 8834
6568.5 8836
6568.51 8839
6568.52 8841
6568.532 8844
6568.542 8845
6568.554 8842
6568.564 8841
6568.576 8841
6568.586 8842
6568.598 8845
6568.608 8848
6568.618 8847
6568.63 8845
6568.64 8842
6568.652 8842
6568.662 8842
6568.674 8841
6568.684 8840
6568.694 8837
6568.706 8831
6568.716 8826
6568.728 8826
6568.738 8833
6568.75 8844
6568.76 8850
6568.77 8853
6568.782 8852
6568.792 8852
6568.804 8851
6568.814 8848
6568.826 8841
6568.836 8836
6568.848 8833
6568.858 8832
6568.868 8832
6568.88 8835
6568.89 8835
6568.902 8831
6568.912 8823
6568.924 8812
6568.934 8804
6568.944 8795
6568.956 8788
6568.966 8784
6568.978 8783
6568.988 8785
6569 8789
6569.01 8793
6569.02 8791
6569.032 8783
6569.042 8770
6569.054 8743
6569.064 8712
6569.076 8660
6569.086 8597
6569.098 8498
6569.108 8377
6569.118 8211
6569.13 7893
6569.14 7553
6569.152 7046
6569.162 6543
6569.174 5861
6569.184 5274
6569.194 4731
6569.206 4219
6569.216 3958
6569.228 3926
6569.238 4136
6569.25 4668
6569.26 5284
6569.27 5963
6569.282 6688
6569.292 7177
6569.304 7633
6569.314 7923
6569.326 8179
6569.336 8332
6569.348 8475
6569.358 8561
6569.368 8636
6569.38 8707
6569.39 8751
6569.402 8791
6569.412 8818
6569.424 8843
6569.434 8864
6569.444 8885
6569.456 8908
6569.466 8926
6569.478 8943
6569.488 8954
6569.5 8964
6569.51 8969
6569.52 8973
6569.532 8977
6569.542 8980
6569.554 8983
6569.564 8987
6569.576 8991
6569.586 8995
6569.598 8999
6569.608 9001
6569.618 9004
6569.63 9007
6569.64 9010
6569.652 9016
6569.662 9022
6569.674 9027
6569.684 9031
6569.694 9035
6569.706 9038
6569.716 9039
6569.728 9039
6569.738 9041
6569.75 9044
6569.76 9046
6569.77 9046
6569.782 9046
6569.792 9045
6569.804 9045
6569.814 9043
6569.826 9040
6569.836 9035
6569.848 9031
6569.858 9029
6569.868 9029
6569.88 9032
6569.89 9035
6569.902 9039
6569.912 9040
6569.924 9040
6569.934 9038
6569.944 9033
6569.956 9027
6569.966 9025
6569.978 9024
6569.988 9026
6570 9032
6570.01 9041
6570.02 9050
6570.032 9061
6570.042 9069
6570.054 9078
6570.064 9083
6570.076 9090
6570.086 9098
6570.098 9107
6570.108 9111
6570.118 9111
6570.13 9109
6570.14 9107
6570.152 9101
6570.162 9093
6570.174 9085
6570.184 9081
6570.194 9079
6570.206 9079
6570.216 9084
6570.228 9093
6570.238 9100
6570.25 9105
6570.26 9108
6570.27 9113
6570.282 9119
6570.292 9124
6570.304 9130
6570.314 9133
6570.326 9136
6570.336 9135
6570.348 9134
6570.358 9134
6570.368 9135
6570.38 9134
6570.39 9135
6570.402 9134
6570.412 9135
6570.424 9134
6570.434 9135
6570.444 9135
6570.456 9136
6570.466 9137
6570.478 9139
6570.488 9138
6570.5 9138
6570.51 9135
6570.52 9132
6570.532 9122
6570.542 9113
6570.554 9101
6570.564 9092
6570.576 9080
6570.586 9072
6570.598 9061
6570.608 9054
6570.618 9051
6570.63 9050
6570.64 9053
6570.652 9055
6570.662 9058
6570.674 9057
6570.684 9057
6570.694 9054
6570.706 9048
6570.716 9040
6570.728 9028
6570.738 9016
6570.75 9004
6570.76 8993
6570.77 8983
6570.782 8971
6570.792 8961
6570.804 8956
6570.814 8959
6570.826 8971
6570.836 8988
6570.848 9012
6570.858 9033
6570.868 9054
6570.88 9078
6570.89 9095
6570.902 9112
6570.912 9123
6570.924 9135
6570.934 9144
6570.944 9153
6570.956 9160
6570.966 9167
6570.978 9173
6570.988 9181
6571 9191
6571.01 9198
6571.02 9202
6571.032 9202
6571.042 9199
6571.054 9193
6571.064 9183
6571.076 9167
6571.086 9151
6571.098 9129
6571.108 9112
6571.118 9093
6571.13 9073
6571.14 9058
6571.152 9045
6571.162 9043
6571.174 9052
6571.184 9070
6571.194 9095
6571.206 9130
6571.216 9158
6571.228 9189
6571.238 9210
6571.25 9229
6571.26 9243
6571.27 9255
6571.282 9267
6571.292 9274
6571.304 9281
6571.314 9284
6571.326 9286
6571.336 9286
6571.348 9287
6571.358 9290
6571.368 9292
6571.38 9295
6571.39 9295
6571.402 9295
6571.412 9294
6571.424 9295
6571.434 9296
6571.444 9299
6571.456 9302
6571.466 9301
6571.478 9299
6571.488 9294
6571.5 9287
6571.51 9284
6571.52 9283
6571.532 9286
6571.542 9290
6571.554 9297
6571.564 9304
6571.576 9310
6571.586 9317
6571.598 9321
6571.608 9322
6571.618 9324
6571.63 9328
6571.64 9332
6571.652 9336
6571.662 9337
6571.674 9339
6571.684 9341
6571.694 9342
6571.706 9344
6571.716 9344
6571.728 9341
6571.738 9338
6571.75 9336
6571.76 9336
6571.77 9338
6571.782 9340
6571.792 9341
6571.804 9341
6571.814 9341
6571.826 9341
6571.836 9341
6571.848 9339
6571.858 9338
6571.868 9338
6571.88 9340
6571.89 9340
6571.902 9339
6571.912 9339
6571.924 9340
6571.934 9343
6571.944 9342
6571.956 9339
6571.966 9337
6571.978 9332
6571.988 9328
6572 9322
6572.01 9315
6572.02 9304
6572.032 9283
6572.042 9259
6572.054 9234
6572.064 9225
6572.076 9233
6572.086 9249
6572.098 9268
6572.108 9282
6572.118 9295
6572.13 9313
6572.14 9327
6572.152 9342
6572.162 9350
6572.174 9353
6572.184 9351
6572.194 9348
6572.206 9340
6572.216 9329
6572.228 9316
6572.238 9309
6572.25 9307
6572.26 9306
6572.27 9308
6572.282 9316
6572.292 9330
6572.304 9349
6572.314 9365
6572.326 9380
6572.336 9388
6572.348 9393
6572.358 9396
6572.368 9398
6572.38 9399
6572.39 9400
6572.402 9403
6572.412 9410
6572.424 9420
6572.434 9425
6572.444 9426
6572.456 9422
6572.466 9417
6572.478 9411
6572.488 9405
6572.5 9393
6572.51 9381
6572.52 9367
6572.532 9354
6572.542 9347
6572.554 9343
6572.564 9345
6572.576 9349
6572.586 9355
6572.598 9366
6572.608 9372
6572.618 9377
6572.63 9381
6572.64 9385
6572.652 9390
6572.662 9382
6572.674 9355
6572.684 9317
6572.694 9253
6572.706 9115
6572.716 8908
6572.728 8600
6572.738 8237
6572.75 7711
6572.76 7317
6572.77 7010
6572.782 6820
6572.792 6866
6572.804 7139
6572.814 7510
6572.826 7999
6572.836 8350
6572.848 8688
6572.858 8872
6572.868 8977
6572.88 9063
6572.89 9123
6572.902 9192
6572.912 9243
6572.924 9298
6572.934 9335
6572.944 9369
6572.956 9404
6572.966 9427
6572.978 9443
6572.988 9452
6573 9459